{"camera_matrix": [[1589.4987958913048, 0.0, 967.1070079968151], [0.0, 1584.9441629480111, 529.963110505729], [0.0, 0.0, 1.0]], "distortion_coefficients": [[-0.0038152818079900033, 0.026050018002606964, -0.0022073188775141397, -0.0003664891520517312, -0.015481815041963243]]}

fx = 1589.4987958913048
fy = 1584.9441629480111
cx = 967.1070079968151
cy = 529.963110505729

k1 = -0.0038152818079900033
k2 = 0.026050018002606964
k3 = -0.015481815041963243

p1 = -0.0022073188775141397
p2 = -0.0003664891520517312